Apache
	50	40	30	20	10	0
FN	35	6	2	1	0	0
TP	18	18	18	18	14	0
TN	305	334	338	339	340	340
FP	0	0	0	0	4	18
						
All	358	358	358	358	358	358
						
						
						
18						
						
Precision	1	1	1	1	0.8	0
Recall	0.34	0.75	0.9	0.95	1	#DIV/0!
Accuracy	0.9	0.98	0.99	1	0.99	0.95
F-Score	0.51	0.86	0.95	0.97	0.89	#DIV/0!



PostgreSQL
	50	40	30	20	10	0
FN	60	21	1	0	0	0
TP	33	33	24	8	3	0
TN	541	580	600	601	601	601
FP	0	0	9	25	30	33
						
All	634					
						
						
						
						
						
Precision	1	1	0.7	0.2	0.1	0
Recall	0.35	0.61	0.96	1	1	#DIV/0!
Accuracy	0.91	0.97	0.98	0.96	0.95	0.95
F-Score	0.52	0.76	0.81	0.33	0.18	#DIV/0!
